3298 23875
1 7
2 7
4 14
5 20
6 18
7 2
8 5
9 16
10 2
11 20
12 17
13 6
14 14
15 8
16 14
17 7
18 1
19 8
20 5
21 5
22 7
23 20
24 16
25 13
26 12
27 8
28 19
29 1
30 1
31 10
32 18
33 18
34 4
35 17
36 2
37 1
38 15
39 20
40 18
41 11
42 11
43 14
44 14
45 7
46 2
47 9
48 7
49 20
50 13
51 14
52 20
53 17
54 5
55 2
56 4
57 3
58 5
59 18
60 18
61 2
62 2
63 14
64 7
65 12
66 20
68 3
69 18
70 11
71 4
72 14
74 2
75 14
76 15
77 19
78 3
79 2
80 12
81 4
82 8
83 3
84 5
85 9
86 12
87 20
88 14
89 12
90 17
92 16
93 20
94 13
95 2
96 2
97 5
98 19
99 1
100 17
101 4
102 20
103 16
104 2
105 19
106 6
111 20
112 2
113 1
115 14
116 2
117 10
118 14
119 6
122 3
123 10
124 6
125 4
126 3
127 20
128 2
130 1
131 14
132 18
133 1
134 9
135 16
136 11
137 18
138 13
142 1
143 4
144 4
145 7
146 15
148 8
149 10
150 8
151 5
153 20
154 17
155 13
156 13
157 20
158 11
159 3
160 17
161 3
162 5
163 2
164 1
165 5
166 13
167 8
168 11
169 3
170 7
171 9
172 11
173 14
174 16
175 7
176 16
177 8
178 1
179 17
180 4
181 4
182 1
183 7
184 7
185 4
186 5
187 18
188 5
189 2
190 20
191 18
192 6
193 6
194 17
195 2
196 2
197 13
198 16
199 18
200 4
201 14
202 7
203 11
204 6
205 8
206 2
208 18
210 1
211 10
212 9
213 14
214 7
215 17
216 15
217 19
218 16
219 11
220 9
221 9
222 10
224 19
225 16
226 2
227 9
228 13
229 2
230 2
231 20
235 10
236 6
237 20
238 10
239 8
240 8
241 19
242 9
243 17
244 14
245 20
246 1
247 20
248 11
249 7
250 15
251 10
252 4
253 1
254 17
255 4
256 1
257 2
259 20
260 19
261 3
262 5
263 13
264 3
265 12
266 4
267 16
268 13
269 16
270 7
271 14
272 9
273 20
274 9
275 4
276 16
277 3
278 12
279 15
280 8
281 9
282 5
283 4
284 10
285 18
286 8
287 19
288 12
289 5
290 16
291 2
292 19
293 20
294 15
295 4
296 15
297 16
298 10
299 8
300 15
301 15
302 16
303 7
304 6
305 3
306 9
307 3
308 20
309 8
310 19
311 7
312 2
313 4
314 9
315 8
316 19
317 15
318 4
319 6
320 12
321 19
322 14
323 15
328 14
331 17
332 7
333 9
334 7
335 4
336 20
338 5
339 18
340 13
341 10
343 16
344 3
350 15
351 17
352 17
353 2
355 10
356 5
357 20
358 12
359 16
360 17
361 12
362 19
365 12
368 19
369 1
371 11
372 14
373 1
374 1
375 12
376 6
377 12
378 12
379 8
380 19
381 5
383 17
387 2
388 19
389 17
391 12
394 14
395 18
396 3
397 5
398 1
399 8
400 17
401 20
402 16
403 16
404 6
405 5
406 19
408 18
409 4
411 13
412 13
414 9
416 2
417 10
418 14
419 19
420 10
421 16
422 19
423 13
424 19
425 7
426 2
427 15
428 9
429 6
430 8
431 5
432 5
433 12
434 19
435 1
436 12
437 18
438 16
439 20
440 4
441 6
442 12
444 12
445 11
446 13
447 16
448 9
449 10
450 14
451 11
452 14
453 16
454 10
455 10
456 18
457 9
458 13
459 9
460 16
461 16
462 12
463 10
464 19
465 2
466 12
468 13
469 19
470 9
471 6
472 8
473 20
474 7
475 16
478 7
479 3
480 3
481 20
482 12
483 5
484 7
485 16
486 11
487 2
488 16
489 9
490 8
491 17
492 10
493 14
494 6
495 18
497 2
498 13
499 7
500 2
501 18
502 2
503 11
505 11
506 7
507 12
508 13
509 14
510 20
511 10
512 2
513 3
514 3
515 11
516 12
517 19
518 3
519 15
520 17
521 1
525 9
526 1
527 18
528 9
529 4
530 9
531 15
532 12
533 10
534 15
535 10
536 15
537 11
538 10
539 9
540 6
541 10
542 9
543 16
544 20
545 1
546 20
547 12
548 4
549 3
550 12
551 2
553 3
554 2
555 13
556 8
557 16
558 2
559 19
560 14
561 3
562 14
563 8
564 19
565 17
571 18
572 8
573 16
574 10
575 16
577 4
578 10
579 19
580 6
581 3
582 1
583 4
584 1
585 10
586 5
587 19
588 5
589 20
590 11
591 10
592 1
593 7
595 19
596 6
597 2
598 17
599 10
600 15
601 18
602 8
603 7
604 17
605 7
606 18
607 10
608 6
609 3
610 17
611 4
612 4
613 14
614 19
616 1
617 2
618 14
619 12
620 6
621 9
622 19
623 10
624 1
625 13
626 19
627 10
628 5
629 14
630 20
631 12
637 18
640 1
641 12
642 2
643 11
644 16
647 14
648 15
649 10
650 5
651 7
652 4
653 9
654 16
655 19
656 19
657 12
666 8
667 1
668 5
669 5
670 2
671 20
672 20
673 17
674 3
675 12
676 19
677 14
678 17
684 17
685 5
686 5
687 19
688 5
689 19
690 9
706 20
707 10
708 20
709 3
710 5
712 11
745 17
751 13
754 7
762 11
763 7
764 6
765 11
766 5
767 13
769 16
770 17
771 17
772 12
773 3
774 13
775 9
776 17
777 3
778 2
779 1
780 13
781 10
782 17
783 7
784 18
785 17
786 2
787 20
788 11
790 4
791 15
792 10
793 8
794 11
795 2
796 2
797 19
798 6
799 10
800 7
801 16
802 12
803 1
808 19
809 11
810 13
811 9
812 16
813 4
814 15
815 10
816 17
817 19
818 13
819 8
820 10
821 11
822 14
823 8
824 3
825 17
826 1
827 20
828 5
829 16
830 12
831 16
832 19
833 8
834 10
835 3
836 9
837 4
838 7
839 1
840 7
841 2
842 12
843 13
844 15
845 18
846 18
847 2
848 14
849 16
850 16
851 17
852 11
853 16
854 7
855 9
856 10
857 15
858 5
859 5
860 15
861 18
862 5
863 19
864 6
865 16
866 18
867 2
868 7
869 8
870 4
871 4
872 5
873 8
874 16
875 14
876 18
877 16
878 12
879 17
880 14
881 8
882 18
883 17
884 5
885 12
886 2
887 6
888 6
889 18
890 15
891 2
892 18
893 19
894 15
895 6
899 13
923 14
934 5
935 12
936 7
937 13
938 11
941 10
942 20
944 9
945 2
946 10
947 4
948 13
949 18
950 15
951 8
952 7
953 15
954 2
955 20
956 14
957 7
958 5
959 17
960 10
961 5
962 19
963 8
964 3
965 13
966 15
967 16
968 13
969 12
970 4
971 3
972 17
973 13
974 20
975 5
976 11
977 19
978 1
979 16
980 20
981 13
982 6
983 10
984 5
985 12
986 9
987 1
988 3
989 13
990 14
991 9
992 10
993 9
994 15
995 11
997 15
998 13
999 11
1000 3
1001 14
1002 18
1003 13
1004 18
1005 12
1006 7
1007 20
1008 15
1009 10
1010 15
1011 19
1012 11
1013 9
1014 16
1015 14
1016 7
1017 13
1018 12
1019 17
1020 3
1021 15
1022 20
1023 1
1024 19
1026 13
1027 13
1028 15
1029 11
1030 10
1031 12
1032 11
1033 2
1034 13
1035 6
1036 13
1037 16
1038 20
1039 8
1040 7
1041 7
1042 9
1043 20
1044 8
1045 13
1046 2
1047 12
1048 20
1049 6
1050 7
1051 10
1052 15
1053 14
1054 20
1055 1
1056 15
1057 9
1058 11
1059 1
1060 17
1061 15
1062 20
1063 20
1064 5
1065 2
1066 1
1067 20
1068 17
1069 13
1070 19
1071 2
1072 15
1073 16
1074 3
1075 17
1076 4
1077 15
1078 7
1079 14
1080 3
1081 6
1082 15
1083 19
1084 12
1085 20
1086 13
1087 7
1088 12
1089 3
1090 4
1091 14
1092 18
1093 9
1094 2
1095 20
1096 15
1097 13
1098 19
1099 5
1100 2
1101 18
1102 5
1103 19
1104 9
1105 11
1106 3
1107 8
1108 12
1109 20
1110 2
1111 20
1112 18
1113 4
1114 1
1115 2
1116 5
1117 18
1118 20
1119 13
1120 7
1121 20
1122 17
1123 7
1124 3
1125 7
1126 7
1127 16
1128 1
1129 17
1130 1
1131 10
1132 13
1133 3
1134 6
1135 1
1136 5
1137 8
1138 5
1139 9
1140 5
1141 12
1142 7
1143 1
1144 6
1145 11
1146 12
1147 16
1148 6
1149 20
1150 5
1151 10
1152 18
1153 12
1154 18
1155 10
1156 10
1157 3
1158 2
1159 5
1160 6
1161 10
1162 13
1163 16
1164 8
1165 4
1166 9
1167 13
1168 9
1169 15
1176 17
1177 15
1178 5
1179 13
1180 16
1181 8
1182 5
1183 16
1184 8
1185 20
1186 2
1187 18
1188 14
1189 5
1190 1
1191 18
1192 13
1196 18
1197 11
1198 18
1199 19
1202 6
1206 17
1207 6
1208 2
1209 18
1210 16
1211 6
1212 19
1213 1
1214 7
1215 13
1216 12
1217 1
1218 1
1219 5
1220 13
1224 19
1225 15
1226 12
1233 19
1268 10
1272 3
1278 7
1283 13
1284 1
1285 16
1286 19
1287 16
1290 4
1291 15
1292 11
1293 6
1294 20
1295 9
1296 6
1299 16
1300 4
1303 6
1304 14
1305 14
1307 5
1308 16
1309 7
1310 15
1311 17
1312 19
1313 13
1314 16
1315 12
1316 17
1317 17
1318 14
1319 8
1320 15
1321 16
1322 18
1323 19
1339 17
1340 8
1341 17
1343 5
1344 20
1345 9
1361 3
1362 20
1363 19
1364 8
1365 17
1366 16
1369 19
1370 1
1371 18
1372 5
1373 9
1374 20
1375 10
1376 15
1377 18
1378 15
1379 12
1380 6
1381 7
1382 16
1383 15
1384 4
1385 6
1386 6
1387 11
1388 3
1389 6
1390 13
1391 19
1393 3
1395 5
1396 13
1397 11
1398 12
1399 9
1400 13
1401 4
1402 19
1403 3
1404 20
1405 5
1406 19
1407 14
1408 18
1409 6
1410 5
1411 18
1412 5
1413 18
1414 10
1415 16
1416 13
1417 18
1418 16
1421 14
1422 12
1423 10
1425 20
1426 7
1428 17
1430 20
1431 7
1432 9
1433 17
1434 10
1435 2
1436 18
1437 6
1439 13
1440 7
1441 19
1442 19
1443 2
1444 19
1445 6
1456 17
1457 3
1458 13
1459 11
1460 3
1461 12
1462 11
1463 17
1464 2
1465 9
1466 12
1467 8
1468 15
1469 20
1470 5
1471 15
1472 8
1474 8
1475 17
1476 5
1477 19
1478 12
1479 12
1480 20
1481 14
1482 18
1483 16
1484 5
1485 7
1486 9
1487 14
1488 3
1489 15
1490 10
1491 10
1492 15
1493 7
1494 4
1495 11
1497 1
1499 16
1500 8
1501 5
1503 6
1505 3
1506 15
1507 9
1508 20
1509 9
1510 13
1511 14
1512 12
1513 3
1514 8
1515 12
1516 8
1517 12
1519 4
1527 20
1529 2
1530 5
1531 11
1532 5
1533 20
1534 1
1535 19
1536 15
1537 1
1538 3
1539 14
1540 10
1541 20
1542 18
1543 9
1544 12
1546 15
1547 9
1548 15
1550 18
1551 16
1552 4
1553 4
1554 19
1556 4
1557 13
1558 12
1560 4
1563 20
1564 14
1565 2
1588 18
1589 14
1590 10
1591 14
1601 14
1606 14
1607 9
1608 5
1609 20
1610 5
1613 18
1618 18
1619 7
1620 10
1621 3
1622 8
1623 1
1624 18
1625 10
1629 9
1630 8
1631 4
1632 20
1633 19
1634 19
1635 9
1636 8
1637 2
1638 14
1639 2
1640 4
1641 19
1642 6
1643 9
1644 1
1645 14
1646 19
1647 2
1648 9
1649 14
1656 16
1657 6
1658 1
1659 1
1660 18
1661 8
1662 11
1663 16
1664 9
1665 20
1666 6
1667 2
1668 20
1669 10
1670 13
1671 12
1672 6
1673 4
1674 5
1675 7
1677 14
1678 20
1679 20
1680 17
1681 14
1682 5
1683 1
1684 7
1685 6
1686 2
1687 17
1688 19
1689 12
1691 20
1693 15
1695 2
1696 2
1699 2
1700 6
1703 3
1705 2
1706 5
1707 9
1710 3
1711 13
1714 10
1715 14
1718 19
1719 18
1722 9
1737 11
1739 6
1740 10
1749 15
1759 1
1760 12
1761 7
1763 19
1764 18
1765 1
1771 11
1774 11
1775 10
1776 2
1777 11
1778 20
1781 20
1790 12
1796 3
1797 3
1798 20
1814 2
1815 7
1816 15
1817 5
1818 9
1819 12
1821 17
1822 9
1823 2
1824 14
1825 19
1826 14
1827 13
1828 8
1829 5
1830 7
1831 12
1832 13
1835 16
1836 9
1837 20
1838 16
1839 17
1840 17
1841 6
1842 17
1843 6
1844 20
1845 5
1846 15
1847 8
1848 12
1849 18
1850 15
1851 8
1852 10
1853 2
1854 17
1855 5
1856 5
1857 20
1858 7
1859 20
1860 15
1862 1
1863 14
1864 2
1865 8
1866 15
1867 5
1868 19
1869 9
1870 20
1871 2
1872 6
1873 13
1874 4
1875 6
1876 20
1877 1
1878 7
1879 11
1880 18
1881 12
1882 13
1883 19
1884 9
1885 16
1886 11
1887 12
1888 12
1889 5
1890 10
1891 7
1892 8
1893 10
1894 9
1895 9
1896 19
1897 4
1898 19
1900 4
1901 2
1902 8
1903 5
1904 15
1905 5
1906 4
1907 13
1908 20
1909 7
1910 15
1911 17
1912 18
1913 4
1914 7
1915 10
1916 4
1917 17
1918 6
1919 19
1920 15
1921 20
1922 5
1923 9
1924 2
1925 15
1927 9
1928 10
1929 18
1930 8
1931 2
1932 6
1933 18
1934 17
1935 7
1936 16
1937 14
1939 5
1940 10
1941 17
1942 14
1943 11
1944 20
1945 4
1946 2
1947 3
1948 18
1950 18
1951 7
1954 8
1958 20
1962 15
1976 6
1979 4
1981 1
1982 9
1983 17
1984 19
1985 12
1986 16
1987 6
1988 4
1989 9
1990 20
1992 15
1995 18
1999 1
2028 17
2033 11
2061 8
2064 14
2079 14
2080 19
2081 17
2082 16
2083 18
2084 11
2085 7
2086 18
2088 6
2090 10
2091 8
2092 3
2094 19
2096 11
2097 15
2098 8
2099 12
2100 13
2101 9
2102 19
2103 7
2104 14
2106 15
2107 19
2108 14
2124 6
2126 17
2127 18
2128 5
2129 5
2130 10
2131 16
2132 11
2133 18
2136 16
2137 3
2138 4
2139 8
2140 17
2142 12
2143 16
2144 8
2145 13
2146 8
2147 11
2148 20
2158 9
2166 16
2171 13
2172 4
2178 18
2179 18
2192 5
2193 3
2194 5
2195 7
2196 18
2197 6
2198 15
2199 12
2200 6
2201 19
2202 4
2203 2
2204 7
2205 10
2206 12
2207 19
2208 10
2209 11
2217 11
2224 5
2228 19
2234 18
2237 17
2238 20
2240 20
2243 18
2245 16
2248 16
2257 6
2259 14
2262 9
2263 14
2267 10
2269 8
2274 1
2276 17
2278 14
2280 9
2281 2
2283 15
2284 7
2289 1
2290 9
2293 7
2295 8
2297 4
2305 19
2309 11
2340 3
2341 8
2342 4
2343 16
2344 18
2347 15
2350 8
2351 8
2352 18
2353 9
2354 19
2356 7
2358 12
2359 12
2360 7
2361 16
2362 8
2363 2
2364 2
2366 3
2368 12
2369 17
2371 14
2372 11
2375 19
2376 7
2377 6
2384 3
2385 15
2388 8
2401 10
2402 16
2403 10
2405 9
2416 13
2419 17
2426 7
2440 12
2441 5
2443 6
2445 18
2447 14
2448 11
2451 18
2453 5
2454 5
2455 17
2457 7
2458 6
2459 4
2479 12
2481 11
2482 20
2483 12
2484 13
2485 9
2486 5
2509 16
2514 9
2517 20
2524 9
2527 17
2531 14
2534 6
2535 11
2536 16
2537 11
2538 18
2539 17
2541 17
2543 17
2545 14
2546 19
2550 3
2551 3
2552 14
2553 8
2554 8
2562 6
2563 7
2564 5
2568 15
2569 3
2585 11
2586 10
2587 4
2588 8
2589 17
2590 9
2591 20
2597 15
2598 17
2601 7
2603 18
2609 20
2614 11
2623 13
2629 9
2633 17
2634 3
2635 9
2636 4
2637 13
2638 9
2639 6
2640 12
2641 16
2642 15
2649 12
2657 8
2663 12
2664 13
2665 17
2666 20
2670 8
2671 4
2672 10
2673 20
2674 3
2675 13
2676 14
2677 11
2679 16
2680 8
2684 14
2713 5
2714 4
2715 11
2716 13
2717 20
2720 1
2723 2
2724 12
2725 14
2726 3
2727 18
2729 14
2731 19
2732 10
2733 13
2734 7
2735 15
2736 13
2747 6
2748 16
2749 4
2750 3
2751 2
2752 14
2753 5
2754 2
2755 10
2756 9
2757 12
2758 10
2759 12
2760 7
2761 8
2762 20
2770 8
2771 2
2772 19
2773 12
2774 6
2775 17
2776 7
2777 12
2778 9
2779 11
2780 11
2781 17
2782 18
2783 18
2785 8
2786 1
2787 17
2788 17
2789 1
2790 20
2791 16
2792 17
2793 1
2794 3
2795 5
2796 13
2797 18
2798 6
2799 18
2800 17
2801 5
2803 16
2804 20
2805 13
2806 9
2807 15
2808 6
2809 8
2810 11
2811 10
2812 9
2813 2
2814 17
2815 16
2816 7
2817 1
2818 19
2819 9
2820 14
2821 9
2822 14
2823 5
2824 2
2825 12
2826 17
2827 3
2828 19
2830 5
2831 5
2832 4
2833 19
2834 14
2835 10
2836 15
2837 4
2838 8
2839 2
2840 18
2842 16
2843 2
2844 1
2845 18
2846 11
2847 4
2848 9
2849 11
2850 1
2851 4
2853 20
2854 16
2857 19
2861 3
2865 4
2879 14
2882 9
2884 5
2885 18
2886 18
2887 9
2888 13
2889 9
2890 15
2891 16
2892 1
2893 13
2895 4
2898 4
2902 18
2931 13
2936 12
2964 15
2967 18
2982 16
2983 5
2985 11
2987 16
2988 2
2989 20
2991 4
2992 19
2993 19
2994 13
2996 1
2997 14
2998 14
3022 17
3025 17
3027 8
3028 19
3029 19
3030 18
3031 15
3054 9
3055 6
3056 9
3057 2
3058 11
3059 2
3061 5
3063 2
3064 9
3066 16
3068 8
3069 3
3070 9
3071 9
3077 20
3087 10
3088 14
3089 12
3090 3
3091 9
3092 6
3093 11
3094 20
3095 8
3096 1
3097 17
3098 12
3099 17
3100 13
3101 10
3102 19
3103 20
3104 13
3107 17
3108 16
3109 20
3110 2
3111 19
3112 14
3113 6
3114 10
3115 2
3116 8
3117 11
3118 19
3119 5
3120 11
3121 14
3122 16
3123 6
3124 12
3125 3
3127 6
3128 8
3129 11
3130 11
3131 1
3132 12
3138 8
3139 13
3140 15
3141 7
3142 11
3143 19
3144 2
3145 20
3146 20
3147 19
3148 10
3149 6
3150 8
3151 1
3152 16
3153 14
3155 16
3156 3
3157 13
3158 18
3159 14
3160 17
3161 13
3162 2
3163 20
3164 1
3166 14
3167 8
3168 6
3169 6
3170 13
3171 7
3172 7
3173 20
3176 17
3177 9
3178 16
3180 5
3181 3
3182 8
3183 8
3184 9
3185 16
3186 2
3187 20
3188 13
3189 4
3190 2
3191 15
3192 10
3193 4
3195 8
3196 12
3197 11
3199 8
3201 2
3202 2
3203 1
3206 18
3207 18
3208 1
3210 20
3212 2
3214 20
3215 1
3218 9
3219 17
3220 19
3221 3
3222 4
3223 7
3224 12
3225 4
3226 10
3227 6
3228 14
3229 19
3230 7
3231 3
3232 17
3234 11
3235 2
3236 8
3237 19
3238 13
3239 3
3240 19
3266 15
3267 4
3269 13
3270 4
3274 17
3276 10
3277 4
3278 20
3298 2
3299 18
3302 2
3312 17
3313 6
3314 1
3315 6
3316 1
3317 17
3318 8
3319 15
3320 2
3321 7
3328 19
3337 10
3339 8
3340 17
3350 2
3355 1
3356 3
3361 4
3363 3
3364 19
3392 20
3400 19
3404 17
3468 17
3470 4
3474 11
3478 1
3479 5
3480 5
3481 1
3482 10
3483 11
3484 8
3485 1
3486 1
3487 12
3488 18
3489 20
3491 16
3493 7
3494 11
3495 20
3498 3
3499 18
3500 6
3502 19
3504 8
3506 17
3507 10
3510 7
3511 13
3512 9
3513 3
3514 19
3515 14
3516 5
3519 17
3520 2
3522 4
3555 16
3563 13
3573 3
3574 8
3575 12
3576 4
3577 15
3578 16
3579 5
3580 12
3581 4
3582 7
3583 9
3584 6
3585 14
3586 15
3587 17
3588 19
3589 12
3590 20
3591 15
3592 2
3593 7
3596 19
3597 17
3598 14
3599 5
3600 14
3601 6
3602 9
3603 1
3604 15
3605 11
3606 5
3608 9
3609 11
3610 4
3611 15
3612 9
3613 8
3614 16
3616 3
3625 3
3631 6
3633 2
3636 1
3637 10
3638 3
3639 11
3640 4
3642 4
3643 4
3644 9
3645 7
3646 13
3647 8
3648 10
3650 16
3651 11
3652 13
3658 1
3659 3
3661 3
3663 4
3664 8
3699 16
3700 11
3701 11
3702 20
3703 8
3704 9
3705 12
3706 12
3707 6
3708 20
3711 8
3715 8
3716 5
3717 1
3718 12
3719 20
3720 20
3722 19
3724 15
3725 6
3726 12
3727 4
3728 19
3729 8
3730 9
3732 8
3733 12
3734 15
3735 3
3736 13
3738 1
3739 5
3740 15
3741 12
3742 9
3743 4
3744 13
3745 16
3746 17
3747 8
3750 15
3751 18
3752 2
3753 4
3754 2
3755 4
3756 12
3757 13
3758 14
3761 20
3762 6
3763 15
3764 9
3765 16
3766 13
3767 3
3768 11
3769 20
3770 8
3771 8
3772 9
3773 6
3774 14
3775 20
3776 7
3780 1
3781 9
3782 18
3783 11
3784 20
3785 17
3786 10
3787 6
3788 1
3789 3
3790 12
3791 14
3792 3
3793 10
3794 16
3795 2
3796 4
3797 12
3798 18
3799 9
3800 10
3801 8
3803 14
3804 13
3808 8
3810 10
3811 15
3812 13
3832 20
3833 2
3834 19
3835 6
3836 10
3837 13
3838 13
3839 15
3840 5
3841 3
3842 6
3843 1
3844 7
3845 8
3846 1
3847 6
3848 8
3849 13
3850 13
3851 6
3852 5
3853 7
3854 15
3855 11
3856 13
3857 2
3858 20
3859 9
3860 16
3861 4
3862 7
3863 5
3864 14
3865 5
3866 2
3867 1
3868 20
3869 1
3870 17
3871 7
3872 11
3873 5
3874 3
3875 12
3876 20
3877 20
3878 15
3879 7
3880 6
3881 8
3882 8
3883 18
3884 16
3885 18
3886 7
3887 14
3888 17
3889 4
3890 1
3891 13
3892 16
3893 7
3894 10
3895 9
3896 18
3897 18
3898 15
3899 20
3900 17
3901 14
3902 4
3903 15
3904 10
3905 13
3906 14
3907 3
3908 5
3909 4
3910 2
3911 8
3912 13
3913 19
3914 16
3915 2
3916 14
3917 11
3918 8
3919 15
3920 16
3921 18
3922 1
3923 20
3924 5
3925 16
3926 11
3927 8
3928 17
3929 9
3930 7
3931 1
3932 13
3933 19
3934 17
3935 6
3936 17
3937 2
3938 9
3939 20
3940 14
3941 9
3942 5
3943 14
3944 6
3945 17
3946 6
3947 15
3948 19
3949 14
3950 20
3951 5
3952 9
3953 8
3954 15
3955 3
3956 20
3957 14
3958 17
3959 4
3960 20
3961 19
3962 18
3963 2
3964 16
3965 15
3966 8
3967 2
3968 1
3969 20
3970 9
3971 16
3972 12
3973 17
3974 4
3975 2
3976 18
3977 14
3978 1
3979 14
3980 2
3981 4
3982 14
3983 12
3984 1
3985 7
3986 9
3987 1
3988 3
3989 3
3990 1
3991 5
3992 3
3993 1
3994 10
3995 5
3996 6
3997 2
3998 6
3999 6
4000 11
4001 11
4002 5
4003 20
4004 7
4005 12
4006 15
4007 4
4008 11
4009 4
4010 2
4011 13
4012 3
4013 11
4014 17
4015 16
4016 15
4017 17
4018 1
4019 17
4020 13
4021 20
4022 10
4023 15
4024 20
4025 20
4026 15
4027 10
4028 1
4029 18
4030 12
4031 14
4032 9
4033 15
4034 1
4035 7
4036 11
4037 6
4038 19
4039 8
4040 8
4041 6
4042 1
4043 17
4044 19
4045 19
4046 6
4047 12
4048 5
4049 14
4050 5
4051 11
4052 15
4053 1
4054 3
4055 4
4056 6
4057 12
4058 19
4059 1
4060 1
4061 14
4062 3
4063 7
4064 15
4065 9
4066 19
4067 16
4068 5
4069 1
4070 18
4071 20
4072 18
4073 8
4074 1
4075 15
4076 18
4077 5
4078 1
4079 14
4080 11
4081 18
4082 12
4083 9
4084 11
4085 19
4086 10
4087 20
4088 16
4089 20
4090 7
4091 10
4092 16
4093 9
4094 9
4095 7
4096 15
4097 4
4098 13
4099 18
4100 20
4101 9
4102 20
4103 3
4104 12
4105 5
4106 7
4107 12
4108 3
4109 1
4110 4
4111 10
4112 13
4113 20
4114 13
4115 15
4116 6
4117 3
4118 12
4119 17
4120 17
4121 1
4122 20
4123 5
4138 8
4139 4
4140 15
4141 18
4142 15
4143 9
4144 13
4145 11
4146 2
4147 12
4148 7
4149 9
4150 15
4151 8
4152 15
4153 4
4154 20
4155 18
4156 14
4157 16
4158 13
4159 20
4207 11
4263 1
4320 9
4377 5
4435 5
4438 1
4439 10
4440 5
4441 7
4442 9
4445 6
4447 13
4448 14
4449 2
4450 7
4451 4
4453 1
4454 1
4458 19
4460 2
4461 20
4462 19
4482 1
4483 12
4484 9
4485 16
4533 17
4589 7
4646 17
4703 4
4761 8
4764 19
4765 10
4766 11
4767 10
4768 1
4771 12
4773 5
4774 18
4775 1
4776 20
4777 19
4778 5
4779 4
4780 19
4781 13
4782 4
4783 3
4784 5
4785 7
4786 7
4787 19
4788 6
4789 2
4790 20
4791 1
4792 1
4793 18
4794 9
4795 12
4797 13
4798 17
4799 8
4800 9
4801 14
4802 5
4803 6
4804 10
4805 19
4806 6
4808 12
4809 8
4810 4
4811 10
4812 19
4813 9
4814 17
4815 7
4816 12
4817 2
4819 7
4820 13
4825 7
4826 20
4827 18
4828 5
4829 19
4830 19
4831 20
4832 8
4833 2
4834 19
4835 17
4837 17
4838 4
4839 13
4841 14
4842 5
4843 4
4844 3
4847 8
4848 18
4849 6
4850 4
4851 15
4852 8
4853 12
4854 3
4855 3
4856 5
4857 11
4858 12
4859 17
4861 14
4862 13
4863 4
4864 19
4865 17
4866 18
4867 14
4868 13
4869 9
4870 13
4871 9
4903 9
4906 18
4908 3
4910 8
4914 19
4918 7
4923 11
4928 9
4929 20
4930 17
4931 10
4932 7
4933 7
4934 14
4935 20
4936 12
4937 8
4938 20
4939 5
4940 16
4941 19
4942 10
4943 3
4944 5
4945 18
4946 4
4947 17
4948 15
4949 2
4950 16
4951 5
4952 8
4953 18
4954 5
4955 15
4956 13
4957 16
4958 5
4959 11
4960 19
4961 14
4962 17
4963 7
4964 16
4965 12
4966 4
4967 14
4968 9
4969 10
4970 5
4971 12
4972 4
4975 1
4979 16
4985 14
4989 3
4993 9
4997 19
5000 4
5001 11
5002 9
5003 8
5004 9
5005 17
5006 18
5007 13
5008 3
5009 15
5010 15
5011 9
5012 16
5017 13
5022 20
5027 17
5032 3
5034 15
5035 13
5050 20
5051 9
5052 5
5053 11
5054 10
5055 17
5056 19
5057 9
5058 2
5059 12
5060 5
5061 2
5062 7
5063 5
5064 7
5065 20
5066 4
5067 12
5068 20
5069 4
5070 20
5071 1
5072 2
5073 12
5074 5
5075 16
5076 3
5077 1
5078 9
5079 1
5080 18
5081 16
5082 8
5083 10
5084 11
5085 15
5086 10
5087 12
5088 4
5089 2
5090 16
5091 16
5092 5
5093 9
5094 12
5095 10
5096 12
5097 9
5098 20
5099 2
5100 4
5101 9
5102 10
5103 9
5104 8
5105 1
5106 19
5107 2
5108 15
5109 9
5110 11
5111 9
5112 5
5113 19
5114 13
5115 6
5116 10
5117 17
5118 19
5119 12
5120 11
5121 13
5122 14
5123 11
5124 15
5125 18
5126 15
5127 1
5128 3
5129 17
5130 1
5131 19
5132 7
5133 10
5134 5
5135 20
5136 6
5137 14
5138 20
5139 17
5140 12
5141 8
5142 11
5143 11
5144 8
5145 11
5146 11
5147 16
5148 9
5149 14
5150 20
5151 20
5152 13
5153 3
5154 12
5155 11
5156 9
5157 5
5158 9
5159 17
5160 6
5161 8
5162 17
5163 9
5164 9
5165 10
5166 4
5167 14
5168 8
5169 1
5170 12
5171 5
5172 3
5173 20
5174 1
5175 9
5176 16
5177 4
5178 2
5179 15
5180 12
5181 16
5182 7
5183 4
5184 2
5185 13
5186 17
5187 6
5188 1
5189 1
5190 15
5191 11
5192 1
5193 9
5194 6
5195 5
5196 10
5197 18
5198 11
5199 16
5200 14
5201 4
5202 6
5203 14
5204 2
5205 13
5206 11
5207 19
5208 13
5209 7
5210 2
5211 9
5212 18
5213 13
5214 9
5215 12
5216 7
5217 5
5218 19
5219 12
5220 8
5221 18
5222 1
5223 16
5224 3
5225 9
5226 3
5227 14
5228 12
5229 9
5230 14
5231 7
5232 10
5233 3
5234 2
5235 13
5236 18
5237 18
5238 13
5239 17
5240 3
5241 7
5242 1
5243 3
5244 20
5245 19
5246 11
5247 13
5248 11
5249 3
5250 13
5251 17
5252 18
5253 12
5254 8
5255 9
5256 5
5257 20
5258 3
5259 18
5260 10
5261 1
5262 5
5263 11
5264 3
5265 2
5266 10
5267 11
5268 14
5269 8
5270 15
5271 12
5272 7
5273 13
5274 16
5275 2
5276 10
5277 10
5278 14
5279 9
5280 1
5281 19
5282 8
5283 12
5284 16
5285 16
5286 4
5287 20
5288 15
5289 7
5290 6
5291 2
5292 17
5293 16
5294 9
5295 14
5296 11
5297 17
5298 19
5299 18
5300 6
5301 4
5302 6
5303 16
5304 5
5305 15
5306 6
5307 9
5308 5
5309 20
5310 6
5311 13
5312 10
5313 10
5314 6
5315 18
5316 4
5317 17
5318 15
5319 12
5320 4
5321 1
5322 15
5323 1
5324 11
5325 14
5326 19
5327 1
5328 10
5329 13
5330 12
5331 2
5332 15
5333 8
5334 16
5335 13
5336 14
5337 10
5338 2
5339 1
5340 3
5341 1
5342 14
5343 18
5344 18
5345 15
5346 15
5347 10
5348 14
5349 5
5350 10
5351 18
5352 4
5353 3
5354 5
5355 2
5356 9
5357 12
5358 3
5359 17
5360 6
5361 5
5364 3
5366 19
5369 16
5371 14
5374 11
5376 11
5377 1
5378 6
5379 8
5380 19
5381 6
5396 1
5397 13
5398 20
5399 19
5400 6
5401 7
5402 12
5403 6
5404 9
5405 10
5406 3
5407 2
5408 12
5409 14
5410 9
5411 5
5412 14
5413 6
5414 18
5415 6
5416 4
5417 3
5418 14
5419 2
5420 20
5421 16
5422 14
5423 6
5424 19
5425 2
5426 13
5427 12
5428 4
5429 12
5430 14
5431 16
5432 18
5433 9
5434 19
5435 8
5437 15
5438 4
5439 6
5440 4
5441 6
5442 16
5443 2
5446 12
5448 11
5449 9
5450 17
5451 1
5452 9
5453 19
5454 9
5455 9
5456 4
5457 3
5458 18
5459 4
5460 6
5461 3
5462 19
5463 17
5465 2
5466 2
5467 17
5468 2
5469 17
5470 7
5471 10
5479 18
5482 6
5483 5
5484 13
5485 12
5489 11
5494 16
5497 20
5501 12
5502 7
5504 13
5505 17
5506 5
5507 16
5508 14
5509 6
5510 5
5511 11
5512 17
5513 7
5515 3
5517 11
5520 15
5521 3
5522 12
5523 9
5524 3
5525 12
5526 14
5527 8
5528 2
5529 12
5530 16
5531 12
5532 7
5533 15
5534 16
5535 12
5536 14
5537 14
5540 17
5542 13
5545 3
5547 11
5550 13
5552 17
5654 11
5784 1
5785 9
5786 8
5787 5
5788 11
5789 10
5790 8
5791 11
5792 18
5793 16
5794 13
5795 6
5796 17
5797 19
5798 17
5799 11
5802 15
5804 7
5807 13
5809 10
5812 14
5814 17
5815 11
5816 16
5817 4
5818 1
5819 9
5820 11
5821 10
5823 19
5824 10
5825 14
5826 1
5827 7
5828 5
5829 6
5830 5
5831 19
5832 11
5833 2
5834 6
5836 6
5837 20
5838 8
5839 18
5840 19
5841 8
5843 17
5844 20
5852 15
5857 10
5862 9
5866 4
5867 12
5870 3
5874 4
5875 14
5877 20
5886 8
5891 3
5892 12
5893 8
5895 13
5919 13
5920 12
5921 10
5922 19
5923 10
5924 7
5925 11
5926 20
5927 8
5928 19
5929 14
5930 12
5931 2
5932 15
5933 5
5934 18
5935 11
5936 20
5937 3
5938 19
5939 7
5946 11
5948 13
5950 20
5951 12
5952 1
5953 6
5954 5
5955 16
5956 20
5957 10
5960 17
5967 20
5973 5
5974 6
5975 12
5977 2
5991 1
5992 6
5995 1
6000 1
6002 20
6003 20
6004 15
6005 17
6011 19
6012 15
1 25
8 343
16 79
18 468
20 493
23 518
26 61
27 84
28 117
29 131
30 137
31 153
32 167
33 173
34 189
35 192
36 200
37 202
38 206
39 211
41 254
42 257
43 260
44 293
45 302
46 61
47 333
48 336
50 339
51 72
52 357
53 368
54 387
55 389
56 72
57 65
58 72
59 414
60 416
61 52
68 440
70 456
71 469
74 309
75 481
76 79
78 79
79 78
80 309
81 320
82 309
83 82
84 500
95 637
96 647
97 666
98 685
100 707
101 708
103 666
104 771
106 502
111 520
112 525
113 526
115 530
116 117
117 116
118 548
119 553
122 204
123 556
124 560
125 565
126 581
127 581
128 581
130 547
133 599
134 598
135 137
136 137
137 613
138 616
142 619
143 138
144 624
145 626
146 138
148 177
149 614
150 657
151 667
153 668
154 829
155 167
156 670
157 167
158 674
159 167
160 678
161 686
162 167
163 167
164 689
165 167
166 167
167 166
168 173
169 173
170 173
171 709
172 173
173 172
174 430
175 762
176 188
177 61
178 177
179 770
180 773
181 777
182 779
183 781
184 787
185 790
186 793
187 796
188 799
189 800
192 801
193 200
194 803
195 332
196 202
197 200
198 200
199 200
200 809
201 505
202 201
203 614
204 817
205 823
212 824
213 825
214 826
215 827
216 827
217 303
218 830
219 835
220 218
221 888
226 934
227 938
228 942
229 938
230 222
231 868
235 826
236 218
237 869
238 871
239 872
240 873
242 874
243 218
244 218
245 218
246 218
247 218
248 218
249 309
250 218
251 303
252 556
253 303
254 199
255 61
256 257
257 61
259 944
261 951
262 957
263 132
264 946
265 959
266 960
267 967
268 969
269 430
270 971
272 979
273 980
275 986
276 670
277 988
278 430
279 989
280 994
281 997
282 1001
283 1002
284 1005
285 979
286 430
287 430
288 1007
289 1008
290 1011
291 1014
292 1017
293 1019
294 430
295 1021
296 302
297 302
298 1022
299 302
300 556
301 302
302 556
303 869
304 1023
305 957
306 1024
308 204
309 505
310 320
311 1026
312 132
313 320
314 320
315 320
316 320
317 320
318 320
319 320
320 1026
321 323
322 1028
323 322
331 530
332 200
333 172
334 1029
335 1030
336 1033
340 1032
341 1038
352 1176
357 356
373 1268
374 1287
375 1299
376 1304
377 1287
378 222
379 1308
381 222
388 469
389 61
411 451
412 1099
417 1391
418 1395
419 1401
420 1402
421 1403
422 1405
423 1391
424 1407
429 61
448 1197
449 1198
450 1206
451 1212
452 451
455 1214
457 468
458 468
459 468
460 468
461 468
462 1469
463 1470
464 1471
465 1472
466 468
469 448
479 1233
480 1278
481 1283
500 202
501 1290
502 501
503 520
505 1291
506 518
507 518
508 518
509 518
510 518
511 518
512 518
513 518
514 518
515 518
516 518
517 1537
518 517
519 520
520 519
521 525
527 1038
528 1543
529 530
530 529
550 1292
554 556
555 556
556 1021
558 560
559 560
560 559
561 565
562 565
563 565
564 565
574 1656
579 581
580 581
581 1677
584 1679
597 222
598 137
599 598
601 1771
602 1781
603 1790
604 1797
606 1815
607 1816
608 1790
609 1817
614 203
617 252
618 218
619 218
620 61
622 624
623 667
624 623
625 626
626 625
630 1848
648 657
649 657
650 657
651 1300
652 657
653 657
654 657
655 657
656 1307
657 656
668 614
669 670
670 669
671 674
672 674
673 674
675 678
676 1309
677 1309
686 167
687 689
688 689
689 688
709 1311
763 770
764 770
765 1312
766 1323
767 1339
769 770
770 769
772 180
773 1340
774 776
775 181
776 181
778 182
779 182
780 183
781 183
783 1341
784 787
785 787
786 787
787 786
788 185
790 185
791 186
792 186
793 186
794 1344
795 187
796 795
797 188
798 188
800 188
801 1345
802 1361
803 802
808 303
809 303
810 817
811 1021
812 817
813 817
814 817
815 817
817 1369
818 823
819 823
820 823
821 823
824 303
825 303
826 236
830 218
831 835
832 835
833 835
834 835
835 834
837 868
844 1380
846 1389
869 837
870 218
871 218
872 303
873 303
874 1440
880 888
889 2101
935 938
936 938
937 936
944 1442
945 946
946 1444
947 1445
948 951
949 951
950 951
951 950
952 957
953 957
954 957
955 957
956 1456
957 956
958 959
959 1457
960 430
961 967
962 1458
964 967
965 967
966 967
967 966
968 969
969 1459
971 430
972 979
973 1460
974 979
975 979
976 979
977 979
978 979
979 978
980 430
981 1466
982 986
983 986
984 1468
985 986
986 985
987 988
988 987
989 430
991 2131
994 526
997 430
998 1001
999 1001
1000 1001
1001 1000
1002 430
1005 430
1006 1007
1007 1006
1008 430
1011 430
1012 1014
1013 1014
1014 1013
1015 1017
1016 1017
1017 1016
1018 1019
1019 1460
1023 200
1024 306
1028 323
1035 1038
1036 1161
1037 1038
1038 1037
1161 2340
1162 2344
1163 2347
1164 2351
1165 2344
1166 222
1167 2352
1169 222
1179 2354
1180 2358
1181 2354
1182 2359
1183 2354
1184 2354
1185 2354
1186 2361
1196 1536
1197 1536
1207 1212
1208 1210
1209 1551
1210 1209
1211 1209
1212 1208
1213 1552
1214 65
1284 1287
1285 1287
1286 1287
1287 2364
1290 1591
1291 132
1292 126
1305 657
1311 709
1313 1607
1314 1607
1315 1607
1316 1607
1317 1607
1318 1607
1319 1607
1320 1607
1321 1607
1322 1607
1323 1607
1340 180
1341 184
1344 187
1365 61
1366 1619
1370 868
1377 1375
1379 1370
1380 1686
1382 1695
1383 1699
1384 1705
1385 1710
1386 1714
1387 1718
1388 1722
1389 1740
1442 81
1461 1466
1462 1466
1463 1466
1464 1466
1465 1466
1466 1465
1468 2562
1469 468
1470 468
1471 468
1472 468
1535 1023
1537 518
1544 451
1548 2649
1551 451
1552 1213
1553 2
1589 309
1590 1854
1591 1589
1607 177
1619 1365
1641 2713
1642 2717
1643 2720
1644 2724
1645 2717
1646 222
1647 2725
1649 222
1657 2727
1658 2731
1659 2727
1660 2732
1661 2727
1662 2727
1663 2727
1664 2734
1669 2747
1670 2
1671 2753
1672 2
1673 2
1674 2
1675 2770
1677 1443
1681 1371
1682 1683
1684 1379
1685 1379
1686 1860
1687 1371
1688 1683
1689 1379
1695 1860
1696 1371
1699 1860
1700 1371
1705 1860
1707 1371
1710 1860
1711 1371
1714 1860
1715 1371
1718 1860
1719 1371
1722 1860
1737 1371
1739 1379
1740 1860
1871 1883
1878 3113
1895 829
1896 2
1897 2
1898 63
1900 2
1901 2
1902 1213
1903 2
1904 2
1905 2
1907 3121
1908 18
1909 2
1910 2
1911 2
1912 3121
1913 1213
1914 200
1915 200
1916 200
1917 200
1918 200
1919 200
1920 2
1921 1101
1922 2
1923 2
1924 2
1925 2
1927 2
1928 2
1929 2
1930 2
1931 3122
1932 350
1933 538
1934 2
1935 3123
1936 451
1937 450
1939 2
1940 2
1941 2
1942 3124
1943 2
1944 3125
1945 2
1962 2
1979 2
1981 70
1982 2
1983 2
1984 2
1985 70
1986 2
1987 1202
1988 475
1989 2
1990 2
1992 2
2028 70
2061 2
2064 2
2132 526
2172 3195
2341 2344
2342 2344
2343 2344
2344 3197
2376 1395
2586 2
2601 2
2714 2717
2715 2717
2716 2717
2717 3489
2753 3511
2782 1679
2799 2
2800 2
2801 63
2803 2
2804 2
2805 1213
2806 2
2807 2
2808 2
2810 3121
2811 18
2812 2
2813 2
2814 2
2815 3121
2816 1213
2817 200
2818 200
2819 200
2820 200
2821 200
2822 200
2823 2
2824 1101
2825 2
2826 2
2827 2
2828 2
2830 2
2831 2
2832 2
2833 2
2834 3122
2835 350
2836 538
2837 2
2838 3123
2839 451
2840 450
2842 2
2843 2
2844 2
2845 3124
2846 2
2847 3125
2848 2
2865 2
2882 2
2884 70
2885 2
2886 2
2887 2
2888 70
2889 2
2890 1202
2891 475
2892 2
2893 2
2895 2
2931 70
2964 2
2967 2
3112 2
3121 1213
3123 3699
3151 2101
3156 3715
3157 3717
3158 991
3159 3722
3160 3725
3161 3729
3162 3732
3163 3736
3164 3747
3181 3765
3187 3788
3190 3799
3207 2358
3231 4119
3232 4120
3499 2731
3511 1671
3664 4861
3730 280
3739 5000
4484 5420
4862 5508
5510 5919
6003 2
351 1169
1168 2353
4 105
5 154
9 355
11 381
13 424
15 432
19 478
21 93
22 499
24 535
85 578
86 588
87 592
88 597
89 610
190 836
222 891
353 1186
371 93
474 1482
475 1486
494 93
495 1516
497 210
531 1550
532 1560
533 1565
534 1588
535 1601
572 1649
573 432
575 1664
582 93
583 1516
586 210
589 1706
590 1749
591 1759
595 93
611 1819
627 93
1159 93
1391 424
1509 1516
1510 1516
1511 1516
1512 1516
1513 1516
1514 1516
1515 1516
1516 1515
1547 432
1565 2677
1639 93
1706 2783
2354 1186
2677 93
2727 1664
2783 93
2377 3232
358 1199
359 10
360 10
361 359
1160 2309
3094 3590
391 1343
1629 2679
2633 3363
3320 14
1428 2531
4445 585
4771 585
93 627
5504 5891
7 210
483 1492
484 1506
485 40
487 20
488 20
489 826
490 248
491 248
492 1508
493 20
1487 1503
1488 482
1489 20
1490 20
1493 2591
1494 2597
1495 20
1497 20
1499 492
1500 20
1501 20
1505 20
1508 20
2589 20
2590 20
2591 20
2 50
426 50
1854 1589
613 1296
1295 1296
1296 1295
430 1421
551 426
621 1835
2178 32
40 253
498 1519
587 1680
890 2102
879 880
884 880
1841 630
1845 826
1021 2208
63 428
64 427
65 427
66 431
69 447
72 473
365 427
383 1097
387 469
409 362
425 1158
427 426
433 1177
434 1177
446 1190
447 427
470 1219
471 1220
472 473
473 1226
1098 427
1099 427
1177 1534
1187 1177
1188 1190
1189 1190
1190 1189
1950 53
2853 53
3152 71
1220 57
549 389
1976 389
2879 389
445 69
62 549
453 1213
454 1213
2033 70
2936 70
428 1408
1408 71
1225 1563
1226 1101
3581 92
1409 2459
1412 2458
1413 2484
1410 2481
225 899
372 1224
1640 2684
3758 2172
395 673
1631 673
2635 673
394 1362
1630 2680
2634 3364
6 191
482 1490
876 2083
1838 3058
271 205
1823 2998
1826 2997
1827 3029
885 880
886 880
1846 630
1847 630
892 2103
893 224
894 224
895 893
2988 923
596 616
2989 229
94 631
600 1765
877 1765
1839 631
3787 3788
992 2136
2129 991
1003 2158
2193 2198
49 338
10 361
1039 1065
1040 1065
1041 1065
1042 1065
1043 1065
1044 1065
1045 1065
1046 1065
1047 1065
1048 1065
1049 1065
1050 1065
1051 1065
1052 1065
1053 1065
1054 1065
1055 1065
1056 1065
1057 1065
1058 1065
1059 1065
1060 1065
1061 1065
1062 1065
1063 1065
1064 1065
1065 1064
1215 2363
1216 369
1217 369
1218 1216
380 1310
1648 2726
12 408
350 406
571 1638
1546 2642
396 391
397 391
398 399
399 391
400 391
401 391
402 391
403 391
404 391
405 391
406 391
1632 391
1633 1634
1634 391
1635 391
1636 391
1637 391
1638 391
2636 391
2637 2638
2638 391
2639 391
2640 391
2641 391
2642 391
1100 416
1102 425
1103 425
1104 425
1105 425
1106 425
1107 425
1108 425
1109 425
1110 425
1111 425
1112 425
1113 425
1114 425
1115 1533
1116 425
1117 425
1118 425
1119 425
1120 425
1121 425
1122 425
1123 425
1124 425
1125 425
1126 425
1127 425
1128 425
1129 425
1130 425
1131 425
1132 425
1133 425
1134 425
1135 425
1136 425
1137 425
1138 425
1139 425
1140 425
1141 425
1142 425
1143 425
1144 425
1145 425
1146 425
1147 425
1148 425
1149 425
1150 425
1151 425
1152 425
1153 425
1154 425
1155 425
1156 425
1157 425
1158 425
14 430
102 754
1411 2482
1414 1417
1415 2486
1416 751
1417 430
1418 2509
2453 3302
2455 3318
2457 2486
2483 430
2484 430
2485 430
2486 430
3313 4207
3314 4263
3315 4320
3316 4377
3317 4435
3318 430
17 444
441 1439
1206 450
1474 474
1475 474
1476 474
1477 474
1478 474
1479 474
1480 474
1482 474
1517 498
993 2143
1538 1539
1539 526
1540 1541
1541 1540
2127 3166
4439 4447
4765 4773
25 546
537 546
538 546
539 1610
540 546
541 1613
542 546
543 1620
544 546
545 1625
546 545
1608 546
1609 546
1610 546
1620 546
1621 546
1622 546
1623 546
1624 546
1625 546
536 546
77 557
1665 2735
1666 578
1667 578
1668 1666
1680 587
132 593
90 612
92 621
1824 3025
1825 3027
1828 1831
1829 3031
1830 970
1831 621
1832 3054
2991 3519
2992 3563
2994 3579
2996 3031
3028 621
3029 621
3030 621
3031 621
3574 4533
3575 4589
3576 4646
3577 4703
3578 4761
3579 621
631 1853
1840 3068
1843 630
1844 630
1848 630
1849 3071
1850 631
1851 3077
1852 630
1853 630
3055 3066
3056 1838
3057 630
3058 630
3059 630
3061 630
3063 630
3064 630
3069 630
3070 630
3071 630
99 706
4440 710
4441 712
2454 3312
4442 745
105 782
823 1883
1872 3089
1873 3096
1874 3097
1875 3101
1876 3104
1877 3110
1879 1883
1880 3118
1881 1883
1882 1883
1883 3119
3088 1883
3089 3587
3090 1883
3091 1883
3092 1883
3093 1883
3095 3593
3096 3104
3098 3599
3099 3602
3100 3604
3102 1883
3103 3599
3104 3614
3107 3616
3108 3625
3109 3633
3110 3636
3111 3587
3119 822
3584 4775
3586 4792
3588 3590
3589 4800
3590 4801
3591 3095
3592 4804
3593 3095
3602 4812
3603 4813
3604 4814
3605 4816
3606 4820
3611 4830
3631 4839
4774 4812
4775 4788
4777 5423
4778 5424
4779 5425
4780 3089
4784 3095
4785 3587
4786 3587
4787 3587
4788 3587
4789 5428
4790 3587
4791 3587
4792 3587
4801 1883
4802 3095
4803 3095
4804 3095
4812 5463
4814 5467
4830 5485
5422 4792
5423 4788
5424 5815
5425 5816
5426 3587
5427 3587
5428 4788
5460 4812
5461 4812
5462 4812
5463 4812
5466 822
5485 5844
5815 4812
5816 3089
5844 3604
822 1878
1884 828
1885 828
1886 3120
1887 828
1888 828
1889 828
1890 828
1891 828
1892 828
1893 828
1894 828
839 1370
842 1377
1378 1377
1381 1377
1373 1370
843 1370
208 875
2081 880
887 2099
878 2097
882 880
883 880
888 880
2080 2094
2082 880
2083 880
2084 3132
2085 3138
2086 880
2088 880
2090 887
2091 880
2092 880
2096 880
2099 880
3130 880
3131 880
3132 880
2102 890
224 895
1272 957
1458 2545
241 970
274 981
307 981
2128 991
2130 993
2131 3168
2133 992
2137 3169
2138 993
2139 1539
2140 993
2142 993
2143 993
3169 2139
2144 3170
2145 3172
2146 2148
2147 2148
2148 3173
3171 995
2166 3176
2194 2198
2195 2198
2196 3196
2197 3196
2198 2197
3196 2197
2199 1021
2200 1021
2201 1021
2202 1021
2203 1021
2204 1021
2205 1021
2206 1021
2207 1021
2208 1021
328 1027
1822 2989
2369 2989
3202 2989
3494 2989
339 1034
362 1065
344 1096
416 1101
440 1178
1999 1101
2902 1101
355 1192
577 1192
1550 1192
3319 4445
1946 1213
1948 3127
1958 1213
2849 1213
2851 3127
2861 1213
369 1218
565 1294
816 1364
838 1372
840 1373
1372 1371
1376 1372
1683 1372
1691 1867
1693 1868
1703 2104
841 1374
845 1379
847 1379
848 1379
849 1379
850 1379
851 1379
852 1379
853 1379
854 1379
855 1379
856 1379
857 1379
858 1379
859 1379
860 1379
861 1379
862 1379
863 1379
864 1379
865 1379
866 1379
867 1379
868 1379
1459 2546
2402 3235
432 1432
1423 1432
1426 2517
1430 2534
1431 1432
1432 1431
1422 1432
2534 1425
1951 2534
2854 2534
1425 2514
435 1433
436 1434
437 1435
438 1436
439 1437
442 1441
2536 3328
2537 2538
2538 2537
2539 1443
2551 1467
2552 1467
2553 1467
2554 1467
2598 1506
486 1507
1842 1507
499 1532
1529 2609
1530 2614
1531 2623
1532 2629
2623 3361
963 2124
526 1542
1906 3121
2809 3121
1293 1606
1363 1618
578 1668
2771 1678
2772 1678
2773 3512
2774 1678
2775 1678
2776 1678
2777 1678
2778 1678
2779 1678
2780 1678
2781 1678
592 1763
1760 2785
605 1814
610 1818
616 1822
628 1836
1491 1836
629 1837
640 1855
641 1856
642 1857
643 1858
644 1859
667 1863
1862 3087
684 1864
685 1865
690 1866
708 1869
782 1870
5435 3590
828 1895
836 2079
3129 1995
3139 2097
881 2098
3140 2100
3141 2100
3142 3702
3143 2100
3144 2100
3145 2100
3146 2100
3147 2100
3148 2100
3149 2100
3150 2100
941 2106
990 2126
3704 3706
3718 3720
3726 3728
3738 3741
5892 5510
995 2148
3172 2145
1004 2166
1009 2179
2171 2172
3177 2172
3178 3758
3183 3772
3189 3795
3191 2172
3192 2172
3193 2172
3751 2172
3752 2172
3753 2172
3754 2172
3755 2172
3756 2172
3757 2172
3768 3183
3769 3183
3770 3183
3771 3183
3772 2172
1010 2192
1020 2198
1031 2209
1066 2217
1085 2280
1089 2290
1094 2290
1075 2248
1076 2257
1080 2267
1067 2224
1077 2259
1081 2269
1071 2238
1068 2228
1069 2234
1093 2283
1070 2237
1086 2281
1072 2240
1073 2243
1074 2245
1079 2263
1078 2262
1090 2293
1082 2274
1083 2276
1084 2278
1087 2284
1095 2283
1088 2289
1091 2295
1092 2297
1096 2305
1191 2362
1303 2366
1310 2369
1390 2371
1393 2377
2356 3207
2729 3499
1396 2384
1397 2401
2388 2385
1398 2402
1399 2416
1400 2419
1401 2426
1404 2440
1406 2445
1407 2451
2447 3298
2527 2524
1439 2535
1443 2539
1444 2543
1460 2550
1467 2554
1481 2563
1483 2568
1484 2585
1485 2587
1492 2588
1506 2598
1527 2603
1554 2663
1557 2670
1558 2675
2657 2663
1556 2666
2672 3488
2673 3488
2674 3488
2675 3488
3479 3488
3480 3488
3481 3488
3482 3488
3483 3488
3484 3488
3485 3488
3486 3488
3487 3488
3488 3487
2671 3488
1564 2676
1867 2736
1868 2748
2104 2749
2736 2750
2748 2751
2749 2752
2750 2754
2751 2755
2752 2756
2754 2757
2755 2758
2756 2759
2757 2760
2758 2761
2759 2762
1678 2782
1761 2786
1764 2787
1765 2788
1774 2789
1775 2790
1776 2791
1777 2792
1778 2793
1796 2794
1797 2795
1798 2796
1816 2797
1818 2798
1819 2982
1821 2983
3580 4771
3583 3068
3587 3089
4776 3602
4781 3586
4782 3586
4783 3586
3117 3658
3612 4832
3638 4843
5951 3117
2564 3125
1947 3127
2850 3127
1954 3128
2857 3128
1995 3129
2097 3139
2100 3151
2107 3152
2108 3155
3705 4870
3706 4870
3707 3705
3708 3715
3711 3705
4863 4870
4865 5511
4869 4868
4870 5512
3716 3157
3720 3719
4906 5515
3728 3727
3733 3163
3734 4971
4937 3734
4938 3734
4939 3734
4940 3734
4941 3734
4942 3734
4943 3734
4944 3734
4945 3734
4946 3734
4947 3735
4948 3734
4949 3734
4950 3734
4951 3734
4952 3734
4953 3734
4954 3734
4955 3734
4956 3734
4957 3734
4958 3734
4959 3734
4960 3734
4961 3734
4962 4963
4964 3734
4965 3734
4966 3734
4967 3734
4968 3734
4969 3734
4970 3734
4971 3734
3740 5007
3741 3739
5001 3740
5002 3740
5003 3740
5004 3740
5005 3740
5006 3740
5007 3740
3762 3181
3763 3181
3764 3181
3765 3181
3766 3182
3767 3182
3773 3776
3774 3776
3775 3776
3776 3775
3781 3186
3782 5035
3783 3186
3784 3186
3785 3186
3786 3186
5035 3782
3788 3187
3789 3188
3790 3188
3791 3188
3792 3189
3793 3189
3794 3189
3795 3189
3796 3190
3797 3190
3798 3190
3799 3190
2350 3199
2353 3202
2360 3212
2361 3218
3214 3832
2368 3219
2371 3229
3834 5072
3835 5073
3836 5074
3837 5075
3838 5076
3839 5077
3840 5078
3841 5079
3842 5080
3843 5081
3844 5082
3845 5083
3846 5084
3847 5085
3848 5086
3849 5087
3850 5088
3851 5089
3852 5090
3853 5091
3854 5092
3855 5093
3856 5094
3857 5095
3858 5096
3859 5097
3860 5098
3861 5099
3862 5100
3863 5101
3864 5102
3865 5103
3866 5104
3867 5105
3868 5106
3869 5107
3870 5108
3871 5109
3872 5110
3873 5111
3875 5112
3876 5113
3877 5114
3878 5115
3879 5116
3880 5117
3881 5118
3882 5119
3883 5120
3884 5121
3885 5122
3886 5123
3887 5124
3888 5125
3889 5126
3890 5127
3891 5128
3892 5129
3893 5130
3894 5131
3895 5132
3896 5133
3897 5134
3898 5135
3899 5136
3900 5137
3901 5138
3902 5139
3903 5140
3904 5141
3905 5142
3907 5143
3908 5144
3909 5145
3910 5146
3911 5147
3912 5148
3913 5149
3914 5150
3915 5151
3916 5152
3918 5153
3919 5154
3920 5155
3921 5156
3922 5157
3923 5158
3924 5159
3925 5160
3926 5161
3927 5162
3928 5163
3929 5164
3930 5165
3931 5166
3932 5167
3933 5168
3934 5169
3935 5170
3936 5171
3937 5172
3938 5173
3939 5174
3941 5175
3942 5176
3943 5177
3944 5178
3945 5179
3946 5180
3947 5181
3948 5182
3949 5183
3950 5184
3951 5185
3952 5186
3953 5187
3954 5188
3955 5189
3956 5190
3957 5191
3958 5192
3959 5193
3960 5194
3961 5195
3962 5196
3963 5197
3964 5198
3965 5199
3966 5200
3967 5201
3968 5202
3969 5203
3970 5204
3971 5205
3972 5206
3973 5207
3974 5208
3976 5209
3977 5210
3978 5211
3979 5212
3980 5213
3981 5214
3982 5215
3983 5216
3984 5217
3985 5218
3986 5219
3987 5220
3988 5221
3989 5222
3990 5223
3991 5224
3992 5225
3994 5226
3995 5227
3996 5228
3997 5229
3998 5230
3999 5231
4000 5232
4001 5233
4002 5234
4003 5235
4004 5236
4005 5237
4006 5238
4007 5239
4008 5240
4009 5241
4010 5242
4011 5243
4012 5244
4013 5245
4014 5246
4015 5247
4016 5248
4017 5249
4018 5250
4019 5251
4020 5252
4021 5253
4023 5254
4024 5255
4025 5256
4026 5257
4027 5258
4028 5259
4029 5260
4030 5261
4031 5262
4032 5263
4033 5264
4034 5265
4035 5266
4036 5267
4037 5268
4038 5269
4039 5270
4040 5271
4041 5272
4042 5273
4043 5274
4044 5275
4045 5276
4046 5277
4047 5278
4048 5279
4049 5280
4050 5281
4051 5282
4052 5283
4053 5284
4054 5285
4055 5286
4056 5287
4057 5288
4058 5289
4059 5290
4060 5291
4061 5292
4062 5293
4063 5294
4064 5295
4065 5296
4066 5297
4067 5298
4068 5299
4069 5300
4070 5301
4071 5302
4072 5303
4073 5304
4074 5305
4075 5306
4077 5307
4078 5308
4079 5309
4080 5310
4081 5311
4082 5312
4083 5313
4084 5314
4085 5315
4086 5316
4087 5317
4088 5318
4089 5319
4090 5320
4091 5321
4092 5322
4093 5323
4094 5324
4095 5325
4096 5326
4097 5327
4098 5328
4099 5329
4100 5330
4101 5331
4103 5332
4104 5333
4105 5334
4106 5335
4107 5336
4108 5337
4109 5338
4110 5339
4111 5340
4112 5341
4113 5342
4114 5343
4115 5344
4116 5345
4117 5346
2372 3230
2375 3230
2403 3266
3238 3266
3239 4122
3240 4123
4122 3240
3237 3240
3236 3266
2405 3267
2441 3270
2443 3278
4139 5347
4140 5348
4141 5349
4142 5350
4143 5351
4144 5352
4145 5353
4146 5354
4147 5355
4148 5356
4149 5357
4150 5358
4151 5359
4152 5360
4153 5361
5364 3276
5369 3277
5374 3278
2448 3299
2479 3321
2541 3337
2545 3340
5378 5654
5380 5784
2546 3350
2550 3355
2569 3356
2663 3470
3404 3392
3468 3400
2664 3474
2665 3478
2723 3491
2726 3494
2733 3504
2734 3510
3506 4482
2785 3513
2898 3514
4485 3514
2985 3515
2987 3516
4766 3520
4767 3522
2993 3573
4768 3555
3022 3582
3068 3583
5455 5825
3101 3606
4833 3613
4834 3613
4835 3613
3114 3637
3115 3642
3116 3648
3644 4853
3645 3648
3646 3648
3647 3648
3648 3647
4848 4850
4849 4850
4850 4849
4851 3648
4852 3648
4853 3648
3643 4850
3118 3663
3661 3659
3120 3664
4857 3664
4858 3664
4859 3664
3124 3700
3128 3701
3153 3703
5893 5967
4871 3718
4930 3729
4931 3729
4932 3729
4933 3729
4934 3729
4935 3729
4936 3729
5008 3742
5009 3742
5010 3742
5011 3742
5012 3742
3167 3750
3750 5034
3180 3761
3182 3767
3184 3776
3185 3780
3186 3786
3188 3791
3201 3800
3203 3801
3206 3801
3208 3804
3210 3812
5051 5523
5052 5524
5053 5525
5054 5526
5055 5527
5056 5528
5057 5529
5058 5530
5059 5531
5060 5532
5061 5533
5062 5534
5063 5535
5064 5536
5065 5537
5540 3810
5545 3811
5550 3812
3215 3833
3220 3874
5072 5073
5073 5074
5074 5075
5075 5076
5076 5077
5077 5078
5078 5079
5079 5080
5080 5081
5081 5082
5082 5083
5083 5084
5084 5085
5085 5086
5086 5087
5087 5088
5088 5089
5089 5090
5090 5091
5091 5092
5092 5093
5093 5094
5094 5095
5095 5096
5096 5097
5097 5098
5098 5099
5099 5100
5100 5101
5101 5102
5102 5103
5103 5104
5104 5105
5105 5106
5106 5107
5107 5108
5108 5109
5109 5110
5110 5111
5111 5110
3221 3906
5112 5113
5113 5114
5114 5115
5115 5116
5116 5117
5117 5118
5118 5119
5119 5120
5120 5121
5121 5122
5122 5123
5123 5124
5124 5125
5125 5126
5126 5127
5127 5128
5128 5129
5129 5130
5130 5131
5131 5132
5132 5133
5133 5134
5134 5135
5135 5136
5136 5137
5137 5138
5138 5139
5139 5140
5140 5141
5141 5142
5142 5141
3222 3917
5143 5144
5144 5145
5145 5146
5146 5147
5147 5148
5148 5149
5149 5150
5150 5151
5151 5152
5152 5151
3223 3940
5153 5154
5154 5155
5155 5156
5156 5157
5157 5158
5158 5159
5159 5160
5160 5161
5161 5162
5162 5163
5163 5164
5164 5165
5165 5166
5166 5167
5167 5168
5168 5169
5169 5170
5170 5171
5171 5172
5172 5173
5173 5174
5174 5173
3224 3975
5175 5176
5176 5177
5177 5178
5178 5179
5179 5180
5180 5181
5181 5182
5182 5183
5183 5184
5184 5185
5185 5186
5186 5187
5187 5188
5188 5189
5189 5190
5190 5191
5191 5192
5192 5193
5193 5194
5194 5195
5195 5196
5196 5197
5197 5198
5198 5199
5199 5200
5200 5201
5201 5202
5202 5203
5203 5204
5204 5205
5205 5206
5206 5207
5207 5208
5208 5207
3225 3993
5209 5210
5210 5211
5211 5212
5212 5213
5213 5214
5214 5215
5215 5216
5216 5217
5217 5218
5218 5219
5219 5220
5220 5221
5221 5222
5222 5223
5223 5224
5224 5225
5225 5224
3226 4022
5226 5227
5227 5228
5228 5229
5229 5230
5230 5231
5231 5232
5232 5233
5233 5234
5234 5235
5235 5236
5236 5237
5237 5238
5238 5239
5239 5240
5240 5241
5241 5242
5242 5243
5243 5244
5244 5245
5245 5246
5246 5247
5247 5248
5248 5249
5249 5250
5250 5251
5251 5252
5252 5253
5253 5252
3227 4076
5254 5255
5255 5256
5256 5257
5257 5258
5258 5259
5259 5260
5260 5261
5261 5262
5262 5263
5263 5264
5264 5265
5265 5266
5266 5267
5267 5268
5268 5269
5269 5270
5270 5271
5271 5272
5272 5273
5273 5274
5274 5275
5275 5276
5276 5277
5277 5278
5278 5279
5279 5280
5280 5281
5281 5282
5282 5283
5283 5284
5284 5285
5285 5286
5286 5287
5287 5288
5288 5289
5289 5290
5290 5291
5291 5292
5292 5293
5293 5294
5294 5295
5295 5296
5296 5297
5297 5298
5298 5299
5299 5300
5300 5301
5301 5302
5302 5303
5303 5304
5304 5305
5305 5306
5306 5305
3228 4102
5307 5308
5308 5309
5309 5310
5310 5311
5311 5312
5312 5313
5313 5314
5314 5315
5315 5316
5316 5317
5317 5318
5318 5319
5319 5320
5320 5321
5321 5322
5322 5323
5323 5324
5324 5325
5325 5326
5326 5327
5327 5328
5328 5329
5329 5330
5330 5331
5331 5330
3229 4118
5332 5333
5333 5334
5334 5335
5335 5336
5336 5337
5337 5338
5338 5339
5339 5340
5340 5341
5341 5342
5342 5343
5343 5344
5344 5345
5345 5346
5346 5345
3234 4121
3269 4138
3274 4153
5347 5348
5348 5349
5349 5350
5350 5351
5351 5352
5352 5353
5353 5354
5354 5355
5355 5356
5356 5357
5357 5358
5358 5359
5359 5360
5360 5361
5361 5360
3276 4155
3277 4157
3278 4159
3321 4447
3339 4448
3340 4449
3493 4450
3495 4451
3498 4451
3500 4454
3502 4462
5397 5785
5398 5786
5399 5787
5400 5788
5401 5789
5402 5790
5403 5791
5404 5792
5405 5793
5406 5794
5407 5795
5408 5796
5409 5797
5410 5798
5411 5799
5802 4460
5807 4461
5812 4462
3507 4483
3512 4484
5418 4484
5419 4484
5420 4484
3514 4485
3582 4773
3585 4777
5429 5817
5431 5435
5442 5435
5443 5819
5819 5921
5921 4799
3596 4805
3597 4806
5449 5454
5450 5454
5451 5454
5452 5454
5454 5824
5821 5454
5922 5975
5923 5454
5924 5454
5925 5454
5926 5454
5927 5454
5928 5454
5929 5454
3598 4808
3599 4809
3600 4810
5456 5831
5832 4810
5833 4810
5938 5825
3601 4811
5841 4815
5470 4819
3608 4827
3609 4829
3610 4829
3613 4837
3614 4838
3637 4842
3639 4844
3640 4847
3650 4854
3651 4855
3652 4856
3702 4862
5506 4862
5507 4862
5508 4862
4866 4867
3719 4923
3722 4928
3724 4929
3729 4936
4972 5001
4975 5002
4979 5003
4985 5004
4989 5005
4993 5006
4997 5007
3742 5012
3743 5017
3744 5022
3745 5027
3746 5032
3803 5050
3808 5065
5523 5524
5524 5525
5525 5526
5526 5527
5527 5528
5528 5529
5529 5530
5530 5531
5531 5532
5532 5533
5533 5534
5534 5535
5535 5536
5536 5537
5537 5536
3810 5067
3811 5069
3812 5071
4154 5366
4156 5371
4158 5376
4438 5377
4448 5379
4449 5381
4453 5396
4458 5411
5785 5786
5786 5787
5787 5788
5788 5789
5789 5790
5790 5791
5791 5792
5792 5793
5793 5794
5794 5795
5795 5796
5796 5797
5797 5798
5798 5799
5799 5798
4460 5413
4461 5415
4462 5417
4764 5421
4793 5435
4794 5435
4798 5441
4799 5443
5430 5435
5432 5435
5433 5435
5434 5435
5439 5435
5440 5435
5441 5435
4795 5437
4797 5438
4800 5446
4805 5448
4806 5454
4810 5458
5825 5938
5826 5456
5827 5456
5828 5456
5829 5456
5830 5456
5831 5828
4811 5459
4813 5465
4815 5468
5836 5468
5837 5468
5838 5468
5839 5468
5840 5468
4817 5469
4819 5470
4820 5471
4825 5479
4826 5482
4828 5483
5843 5483
4829 5484
4831 5489
4838 5497
5862 5946
5866 5950
5948 5995
5497 5866
5494 5497
5852 5497
5857 5497
4841 5501
4854 5502
4861 5505
4864 5509
5895 5893
5960 5893
4903 5513
4908 5517
4910 5520
4914 5521
4918 5522
5066 5542
5068 5547
5070 5552
5412 5804
5414 5809
5416 5814
5438 5818
5453 5821
5930 5935
5931 5935
5932 5935
5933 5935
5934 5935
5935 5934
5937 5991
5457 5832
5458 5833
5459 5834
5468 5841
5483 5843
5502 5867
5957 5875
5956 5877
5818 5920
5820 5929
5823 5935
5824 5937
5834 5939
5946 5948
5867 5951
5870 5953
5952 6000
5874 5954
5875 5955
6004 6005
6005 6012
5877 5956
5886 5957
5919 5973
5920 5974
5936 5977
5939 5992
5954 6003
6002 6011
5955 6005
